calibration_runs: 80
delta: 0.23170786276044164
eta: 0.09929918360803208
k: 2
lambda_direct: 0.6
lambda_indirect: 0.55
lambda_memory: 0.5
mu: 0.12980931435816756
persistence_window: 3
rho: 0.8109068803402867
w_b: 0.7233621967999591
w_m: 0.522873808004909
