alpha: 0.35
beta: 0.4
calibration_runs: 80
delta: 0.3111754995404175
eta: 0.025451977043641126
gamma: 0.25
k: 4
lambda1: 0.5
lambda2: 0.25
lambda3: 0.25
lambda_direct: 0.5872700594236813
lambda_indirect: 0.8253571532049581
lambda_memory: 0.6659969709057025
mu: 0.13150989403764318
n_per_attack_type: 50
persistence_window: 5
rho: 0.9483052409010475
w_b: 0.7914088901346306
w_m: 0.7550765425162831
