alpha: 0.35
beta: 0.4
calibration_runs: 80
delta: 0.344350251758367
eta: 0.07984064671413466
gamma: 0.25
k: 1
lambda1: 0.5
lambda2: 0.25
lambda3: 0.25
lambda_direct: 0.5872700594236813
lambda_indirect: 0.8253571532049581
lambda_memory: 0.6659969709057025
mu: 0.33005586953794297
n_per_attack_type: 50
persistence_window: 3
rho: 0.9177672595059577
w_b: 0.3584241132281896
w_m: 0.41916918806259074
